10
seq1       0.0000000 0.2273194 0.2735991 0.8528690 0.8400332 0.9378578 1.0538378 0.9340672 0.9682175 1.0480244 
seq2       0.2273194 0.0000000 0.2427867 0.7988443 0.7936858 0.9431256 1.0337293 0.9475082 1.0052219 1.0661984 
seq3       0.2735991 0.2427867 0.0000000 0.8509481 0.8517210 1.0145320 1.1021413 0.9908536 1.0175188 1.0975559 
seq4       0.8528690 0.7988443 0.8509481 0.0000000 0.3627670 1.0332555 1.0569650 1.0106022 1.3349290 1.4236575 
seq5       0.8400332 0.7936858 0.8517210 0.3627670 0.0000000 1.0312818 1.0596718 1.0296251 1.3511649 1.4851395 
seq6       0.9378578 0.9431256 1.0145320 1.0332555 1.0312818 0.0000000 0.7391128 0.7324027 1.4199103 1.5156443 
seq7       1.0538378 1.0337293 1.1021413 1.0569650 1.0596718 0.7391128 0.0000000 0.4920902 1.3966337 1.4806157 
seq8       0.9340672 0.9475082 0.9908536 1.0106022 1.0296251 0.7324027 0.4920902 0.0000000 1.3243151 1.4181699 
seq9       0.9682175 1.0052219 1.0175188 1.3349290 1.3511649 1.4199103 1.3966337 1.3243151 0.0000000 0.7569886 
seq10      1.0480244 1.0661984 1.0975559 1.4236575 1.4851395 1.5156443 1.4806157 1.4181699 0.7569886 0.0000000 
